mcieRGBtoXYZ:
[[ 2.768843    1.751717    1.13014   ]
 [ 1.00000438  4.59062868  0.06006694]
 [ 0.          0.056507    5.594193  ]]
inv(mcieRGBtoXYZ):
[[ 0.41846388 -0.15866009 -0.08283456]
 [-0.09116856  0.25243034  0.01570745]
 [ 0.00092089 -0.0025498   0.17859813]]
----------
mXYZtoCIERGB:
[[ 0.41847   -0.15866   -0.082835 ]
 [-0.091169   0.25243    0.015708 ]
 [ 0.0009209 -0.0025498  0.1786   ]]
inv(mXYZtoCIERGB):
[[  2.76879852e+00   1.75169009e+00   1.13011129e+00]
 [  9.99994422e-01   4.59062802e+00   6.00501288e-02]
 [ -4.34426727e-09   5.65064497e-02   5.59413436e+00]]
----------
mXYZtoCIERGB.dot(mcieRGBtoXYZ):
[[  1.00001704e+00   1.11092762e-05   4.48778594e-06]
 [ -1.54207603e-06   9.99997722e-01   2.54790063e-06]
 [  1.63531258e-08   1.21377036e-07   1.00001046e+00]]
************************************************************
madobeRGBtoXYZ:
[[ 1.93942961  0.62406673  0.63304634]
 [ 1.          2.10990785  0.25321181]
 [ 0.09090603  0.23774131  3.33402839]]
inv(madobeRGBtoXYZ):
[[ 0.60704406 -0.16800111 -0.10250277]
 [-0.28819103  0.55780296  0.01235622]
 [ 0.00399845 -0.03519481  0.30185122]]
----------
mXYZtoAdobeRGB:
[[ 2.04159 -0.56501 -0.34473]
 [-0.96924  1.87597  0.04156]
 [ 0.01344 -0.11836  1.01517]]
int(mXYZtoAdobeRGB):
[[ 0.57666865  0.18555851  0.18822776]
 [ 0.29734315  0.62736233  0.07528781]
 [ 0.02703302  0.07068836  0.99134262]]
----------
mXYZtoAdobeRGB.dot(madobeRGBtoXYZ):
[[  3.36317206e+00   1.27904083e-05   1.42752405e-05]
 [ -2.46996704e-05   3.36313393e+00   6.14279949e-06]
 [ -8.98802718e-06   6.60556938e-06   3.36314359e+00]]
************************************************************
msRGBtoXYZ:
[[ 0.4124  0.3576  0.1805]
 [ 0.2126  0.7152  0.0722]
 [ 0.0193  0.1192  0.9505]]
inv(msRGBtoXYZ):
[[ 3.24062548 -1.53720797 -0.4986286 ]
 [-0.96893071  1.87575606  0.04151752]
 [ 0.05571012 -0.20402105  1.05699594]]
----------
mXYZtosRGB:
[[ 3.2406 -1.5372 -0.4986]
 [-0.9689  1.8758  0.0415]
 [ 0.0557 -0.204   1.057 ]]
int(mXYZtosRGB):
[[ 0.41239559  0.35758343  0.18049265]
 [ 0.21258623  0.7151703   0.0722005 ]
 [ 0.01929722  0.11918386  0.95049713]]
----------
mXYZtosRGB.dot(msRGBtoXYZ):
[[  9.99991740e-01   7.21700921e-18   2.31600000e-05]
 [  2.16700000e-05   1.00004032e+00  -7.94000000e-06]
 [  3.80000000e-07   1.19200000e-05   1.00000355e+00]]
************************************************************
Calculations in CIE RGB space
CIE RGB values:
[[255  12 160]
 [255   0   0]
 [  0 255   0]
 [  0   0 255]]
xy values from CIE RGB values:
[[ 0.42757885  0.15056393]
 [ 0.73466573  0.26533427]
 [ 0.27375486  0.71741434]
 [ 0.16657921  0.00885369]]
RGB values (recomputed from xy):
[[255  11 159]
 [255   0   0]
 [  0 255   0]
 [  0   0 255]]
************************************************************
Calculations in Adobe RGB space
Adobe RGB values:
[[255  12 160]
 [255   0   0]
 [  0 255   0]
 [  0   0 255]]
xy values from Adobe RGB values:
[[ 0.40665521  0.21624676]
 [ 0.64000488  0.32999645]
 [ 0.21000215  0.70999649]
 [ 0.1500008   0.05999872]]
RGB values (recomputed from xy):
[[255  11 159]
 [255   0   0]
 [  0 255   0]
 [  0   0 255]]
************************************************************
Calculations in sRGB RGB space
sRGB RGB values:
[[255  12 160]
 [255   0   0]
 [  0 255   0]
 [  0   0 255]
 [255   0 160]]
xy values from sRGB RGB values:
[[ 0.44526473  0.22452377]
 [ 0.6400745   0.32997051]
 [ 0.3         0.6       ]
 [ 0.15001662  0.06000665]
 [ 0.44586121  0.22298199]]
RGB values (recomputed from xy):
[[255  12 160]
 [255   0   0]
 [  0 255   0]
 [  0   0 255]
 [255   0 160]]
************************************************************
module chroma done!
